1503960366 , 375619.0 , 242.099998951	
1624580081 , 178061.0 , 121.36000061499999	
1644430081 , 218489.0 , 158.860000617	
1844505072 , 79982.0 , 52.890000142	
1927972279 , 28400.0 , 19.669999817999997	
2022484408 , 352490.0 , 250.609998225	
2026352035 , 172573.0 , 107.10000017700001	
2320127002 , 146223.0 , 98.81999903799999	
2347167796 , 171354.0 , 114.39999964700002	
2873212765 , 234229.0 , 158.14999866500003	
3372868164 , 137233.0 , 94.14000082199999	
3977333714 , 329537.0 , 225.50999831899998	
4020332650 , 70284.0 , 50.410000207	
4057192912 , 15352.0 , 11.450000048	
4319703577 , 225334.0 , 151.65999945800002	
4388161847 , 335232.0 , 260.190002682	
4445114986 , 148693.0 , 100.619999646	
4558609924 , 238239.0 , 157.50000047700001	
4702921684 , 265734.0 , 215.60999978400005	
5553957443 , 266990.0 , 174.83000095100002	
5577150313 , 249133.0 , 186.39999914	
6117666160 , 197308.0 , 149.58000159299996	
6290855005 , 163837.0 , 123.900000333	
6775888955 , 65512.0 , 47.14999941999999	
6962181067 , 303639.0 , 204.160000803	
7007744171 , 294409.0 , 208.399999377	
7086361926 , 290525.0 , 198.02999974	
8053475328 , 457662.0 , 355.7299971760001	
8253242879 , 123161.0 , 88.6800009	
8378563200 , 270249.0 , 214.320002325	
8583815059 , 223154.0 , 174.07999848999995	
8792009665 , 53758.0 , 34.409999787	
8877689391 , 497241.0 , 409.59999729599997	
